date,file
2026-08-17,bilder/galleri/kaprifol/0bb900e75b188e09b020a8a2.jpg
2026-08-17,bilder/galleri/kaprifol/908caae0ef09b2db680451b4.jpg
